6,525E-1	2,321E-5	4,743E+2	2,655E+12	1,510E+2
9,789E-1	3,028E-5	3,637E+2	1,026E+12	5,832E+1
1,327E+0	3,734E-5	2,949E+2	5,081E+11	2,889E+1
1,652E+0	4,542E-5	2,424E+2	3,202E+11	1,820E+1
1,995E+0	5,450E-5	2,020E+2	2,180E+11	1,240E+1
3,027E+0	6,359E-5	1,732E+2	7,285E+10	4,142E+0
2,711E+0	7,469E-5	1,474E+2	1,191E+11	6,772E+0
3,036E+0	8,579E-5	1,284E+2	9,738E+10	5,537E+0
3,379E+0	9,689E-5	1,136E+2	7,979E+10	4,537E+0
3,705E+0	1,080E-4	1,020E+2	6,749E+10	3,837E+0
4,055E+0	1,211E-4	9,091E+1	5,771E+10	3,281E+0
4,380E+0	1,332E-4	8,265E+1	5,040E+10	2,866E+0
4,723E+0	1,474E-4	7,472E+1	4,444E+10	2,527E+0
5,047E+0	1,605E-4	6,862E+1	3,966E+10	2,255E+0
5,408E+0	1,756E-4	6,270E+1	3,529E+10	2,006E+0
5,732E+0	1,897E-4	5,803E+1	3,202E+10	1,821E+0
6,075E+0	2,059E-4	5,348E+1	2,919E+10	1,660E+0
6,399E+0	2,210E-4	4,982E+1	2,681E+10	1,524E+0
6,749E+0	2,382E-4	4,623E+1	2,462E+10	1,400E+0
7,072E+0	2,554E-4	4,312E+1	2,294E+10	1,305E+0
7,416E+0	2,735E-4	4,026E+1	2,131E+10	1,212E+0
7,739E+0	2,907E-4	3,788E+1	1,993E+10	1,133E+0
8,132E+0	3,119E-4	3,531E+1	1,843E+10	1,048E+0
8,455E+0	3,310E-4	3,326E+1	1,741E+10	9,896E-1
8,799E+0	3,522E-4	3,126E+1	1,643E+10	9,344E-1
9,122E+0	3,714E-4	2,965E+1	1,555E+10	8,842E-1
9,476E+0	3,936E-4	2,797E+1	1,470E+10	8,359E-1
9,797E+0	4,138E-4	2,661E+1	1,398E+10	7,950E-1
1,014E+1	4,350E-4	2,531E+1	1,325E+10	7,532E-1
1,046E+1	4,542E-4	2,424E+1	1,260E+10	7,161E-1
1,082E+1	4,764E-4	2,311E+1	1,194E+10	6,790E-1
1,115E+1	4,946E-4	2,226E+1	1,135E+10	6,451E-1
1,149E+1	5,137E-4	2,143E+1	1,077E+10	6,121E-1
1,181E+1	5,319E-4	2,070E+1	1,025E+10	5,829E-1
1,216E+1	5,521E-4	1,994E+1	9,753E+9	5,545E-1
1,249E+1	5,703E-4	1,931E+1	9,312E+9	5,294E-1
1,283E+1	5,894E-4	1,868E+1	8,872E+9	5,044E-1
1,315E+1	6,076E-4	1,812E+1	8,487E+9	4,825E-1
1,355E+1	6,298E-4	1,748E+1	8,051E+9	4,577E-1
1,387E+1	6,490E-4	1,697E+1	7,729E+9	4,394E-1
1,421E+1	6,702E-4	1,643E+1	7,418E+9	4,218E-1
1,454E+1	6,904E-4	1,595E+1	7,141E+9	4,060E-1
1,489E+1	7,126E-4	1,545E+1	6,860E+9	3,900E-1
1,521E+1	7,338E-4	1,501E+1	6,624E+9	3,766E-1
1,556E+1	7,570E-4	1,455E+1	6,390E+9	3,633E-1
1,588E+1	7,782E-4	1,415E+1	6,176E+9	3,512E-1
1,624E+1	8,024E-4	1,372E+1	5,951E+9	3,383E-1
1,657E+1	8,256E-4	1,334E+1	5,772E+9	3,282E-1
1,691E+1	8,508E-4	1,294E+1	5,593E+9	3,180E-1
1,723E+1	8,751E-4	1,258E+1	5,434E+9	3,090E-1
1,758E+1	9,013E-4	1,222E+1	5,270E+9	2,996E-1
1,790E+1	9,265E-4	1,188E+1	5,131E+9	2,917E-1
1,825E+1	9,538E-4	1,154E+1	4,987E+9	2,836E-1
1,857E+1	9,790E-4	1,125E+1	4,858E+9	2,762E-1
1,897E+1	1,011E-3	1,089E+1	4,712E+9	2,679E-1
1,929E+1	1,038E-3	1,061E+1	4,596E+9	2,613E-1
1,963E+1	1,067E-3	1,032E+1	4,481E+9	2,548E-1
1,995E+1	1,094E-3	1,006E+1	4,376E+9	2,488E-1
2,031E+1	1,124E-3	9,793E+0	4,266E+9	2,426E-1
2,063E+1	1,153E-3	9,553E+0	4,172E+9	2,372E-1
2,098E+1	1,184E-3	9,301E+0	4,076E+9	2,318E-1
2,130E+1	1,212E-3	9,084E+0	3,988E+9	2,267E-1
2,174E+1	1,251E-3	8,805E+0	3,868E+9	2,199E-1
2,206E+1	1,280E-3	8,604E+0	3,788E+9	2,154E-1
2,240E+1	1,311E-3	8,399E+0	3,707E+9	2,108E-1
2,272E+1	1,341E-3	8,209E+0	3,633E+9	2,066E-1
2,307E+1	1,374E-3	8,016E+0	3,554E+9	2,021E-1
2,340E+1	1,404E-3	7,843E+0	3,484E+9	1,981E-1
2,374E+1	1,435E-3	7,672E+0	3,411E+9	1,939E-1
2,406E+1	1,465E-3	7,514E+0	3,345E+9	1,902E-1
2,446E+1	1,503E-3	7,327E+0	3,264E+9	1,856E-1
2,478E+1	1,533E-3	7,182E+0	3,202E+9	1,820E-1
2,512E+1	1,565E-3	7,034E+0	3,139E+9	1,785E-1
2,544E+1	1,595E-3	6,905E+0	3,077E+9	1,749E-1
2,580E+1	1,628E-3	6,764E+0	3,013E+9	1,713E-1
2,612E+1	1,658E-3	6,640E+0	2,957E+9	1,681E-1
2,646E+1	1,690E-3	6,517E+0	2,898E+9	1,648E-1
2,678E+1	1,720E-3	6,402E+0	2,845E+9	1,617E-1
2,715E+1	1,753E-3	6,281E+0	2,783E+9	1,582E-1
2,747E+1	1,783E-3	6,174E+0	2,733E+9	1,554E-1
2,782E+1	1,815E-3	6,068E+0	2,680E+9	1,524E-1
2,814E+1	1,845E-3	5,968E+0	2,632E+9	1,497E-1
2,849E+1	1,877E-3	5,865E+0	2,580E+9	1,467E-1
2,881E+1	1,908E-3	5,772E+0	2,535E+9	1,442E-1
2,915E+1	1,940E-3	5,676E+0	2,488E+9	1,415E-1
2,948E+1	1,970E-3	5,589E+0	2,445E+9	1,390E-1
2,988E+1	2,007E-3	5,485E+0	2,393E+9	1,360E-1
3,020E+1	2,039E-3	5,401E+0	2,354E+9	1,338E-1
3,054E+1	2,071E-3	5,317E+0	2,311E+9	1,314E-1
3,086E+1	2,101E-3	5,240E+0	2,273E+9	1,292E-1
3,122E+1	2,137E-3	5,153E+0	2,232E+9	1,269E-1
3,154E+1	2,167E-3	5,081E+0	2,195E+9	1,248E-1
3,188E+1	2,200E-3	5,004E+0	2,158E+9	1,227E-1
3,221E+1	2,232E-3	4,934E+0	2,124E+9	1,207E-1
3,256E+1	2,265E-3	4,862E+0	2,085E+9	1,185E-1
3,289E+1	2,296E-3	4,796E+0	2,052E+9	1,167E-1
3,322E+1	2,329E-3	4,727E+0	2,019E+9	1,148E-1
3,355E+1	2,361E-3	4,664E+0	1,987E+9	1,130E-1
3,390E+1	2,394E-3	4,599E+0	1,954E+9	1,111E-1
3,422E+1	2,425E-3	4,540E+0	1,924E+9	1,094E-1
3,456E+1	2,459E-3	4,479E+0	1,894E+9	1,077E-1
3,488E+1	2,490E-3	4,422E+0	1,865E+9	1,060E-1
3,528E+1	2,528E-3	4,355E+0	1,830E+9	1,040E-1
3,561E+1	2,560E-3	4,302E+0	1,802E+9	1,025E-1
3,595E+1	2,593E-3	4,247E+0	1,775E+9	1,009E-1
3,627E+1	2,624E-3	4,196E+0	1,748E+9	9,939E-2
3,662E+1	2,658E-3	4,142E+0	1,720E+9	9,781E-2
3,695E+1	2,690E-3	4,094E+0	1,695E+9	9,638E-2
3,729E+1	2,723E-3	4,044E+0	1,670E+9	9,493E-2
3,761E+1	2,754E-3	3,998E+0	1,645E+9	9,355E-2
3,798E+1	2,790E-3	3,947E+0	1,618E+9	9,202E-2
3,831E+1	2,822E-3	3,902E+0	1,596E+9	9,074E-2
3,865E+1	2,855E-3	3,856E+0	1,573E+9	8,941E-2
3,897E+1	2,888E-3	3,813E+0	1,551E+9	8,817E-2
3,932E+1	2,922E-3	3,768E+0	1,528E+9	8,689E-2
3,964E+1	2,953E-3	3,729E+0	1,507E+9	8,570E-2
3,999E+1	2,988E-3	3,686E+0	1,486E+9	8,447E-2
4,031E+1	3,020E-3	3,646E+0	1,466E+9	8,334E-2
4,071E+1	3,059E-3	3,599E+0	1,442E+9	8,199E-2
4,103E+1	3,091E-3	3,562E+0	1,423E+9	8,091E-2
4,137E+1	3,126E-3	3,523E+0	1,403E+9	7,979E-2
4,170E+1	3,159E-3	3,486E+0	1,385E+9	7,876E-2
4,205E+1	3,194E-3	3,447E+0	1,366E+9	7,765E-2
4,238E+1	3,227E-3	3,413E+0	1,348E+9	7,666E-2
4,272E+1	3,262E-3	3,376E+0	1,330E+9	7,563E-2
4,305E+1	3,295E-3	3,341E+0	1,314E+9	7,468E-2
4,329E+1	3,317E-3	3,320E+0	1,300E+9	7,390E-2
4,361E+1	3,350E-3	3,287E+0	1,284E+9	7,300E-2
4,395E+1	3,385E-3	3,253E+0	1,268E+9	7,208E-2
4,428E+1	3,418E-3	3,221E+0	1,252E+9	7,120E-2
4,462E+1	3,454E-3	3,188E+0	1,236E+9	7,026E-2
4,495E+1	3,487E-3	3,158E+0	1,221E+9	6,943E-2
4,529E+1	3,522E-3	3,126E+0	1,206E+9	6,856E-2
4,561E+1	3,557E-3	3,096E+0	1,192E+9	6,777E-2
4,600E+1	3,597E-3	3,061E+0	1,175E+9	6,682E-2
4,632E+1	3,630E-3	3,033E+0	1,162E+9	6,604E-2
4,666E+1	3,666E-3	3,004E+0	1,147E+9	6,524E-2
4,698E+1	3,700E-3	2,976E+0	1,135E+9	6,450E-2
4,733E+1	3,737E-3	2,946E+0	1,121E+9	6,371E-2
4,765E+1	3,772E-3	2,919E+0	1,108E+9	6,301E-2
4,799E+1	3,807E-3	2,892E+0	1,095E+9	6,226E-2
4,832E+1	3,841E-3	2,866E+0	1,083E+9	6,157E-2
4,868E+1	3,880E-3	2,838E+0	1,070E+9	6,081E-2
4,900E+1	3,914E-3	2,813E+0	1,058E+9	6,015E-2
4,934E+1	3,950E-3	2,787E+0	1,046E+9	5,947E-2
4,966E+1	3,985E-3	2,763E+0	1,035E+9	5,883E-2
5,001E+1	4,022E-3	2,738E+0	1,023E+9	5,814E-2
5,033E+1	4,057E-3	2,714E+0	1,012E+9	5,754E-2
5,067E+1	4,094E-3	2,690E+0	1,001E+9	5,689E-2
5,099E+1	4,129E-3	2,667E+0	9,904E+8	5,631E-2
5,138E+1	4,170E-3	2,640E+0	9,778E+8	5,560E-2
5,170E+1	4,206E-3	2,618E+0	9,679E+8	5,503E-2
5,204E+1	4,243E-3	2,595E+0	9,576E+8	5,444E-2
5,236E+1	4,278E-3	2,574E+0	9,479E+8	5,389E-2
5,271E+1	4,317E-3	2,551E+0	9,373E+8	5,329E-2
5,303E+1	4,353E-3	2,530E+0	9,282E+8	5,277E-2
5,337E+1	4,391E-3	2,507E+0	9,186E+8	5,223E-2
5,369E+1	4,428E-3	2,487E+0	9,098E+8	5,173E-2
5,406E+1	4,467E-3	2,465E+0	8,992E+8	5,113E-2
5,438E+1	4,504E-3	2,444E+0	8,908E+8	5,065E-2
5,472E+1	4,543E-3	2,424E+0	8,818E+8	5,013E-2
5,504E+1	4,580E-3	2,404E+0	8,735E+8	4,966E-2
5,539E+1	4,620E-3	2,384E+0	8,644E+8	4,915E-2
5,571E+1	4,657E-3	2,364E+0	8,564E+8	4,869E-2
5,605E+1	4,696E-3	2,345E+0	8,480E+8	4,822E-2
5,638E+1	4,733E-3	2,327E+0	8,400E+8	4,776E-2
5,676E+1	4,776E-3	2,306E+0	8,305E+8	4,722E-2
5,708E+1	4,813E-3	2,288E+0	8,230E+8	4,679E-2
5,742E+1	4,853E-3	2,269E+0	8,151E+8	4,634E-2
5,774E+1	4,889E-3	2,252E+0	8,076E+8	4,592E-2
5,810E+1	4,929E-3	2,234E+0	7,995E+8	4,546E-2
5,842E+1	4,966E-3	2,217E+0	7,922E+8	4,504E-2
5,876E+1	5,004E-3	2,200E+0	7,846E+8	4,461E-2
5,908E+1	5,041E-3	2,184E+0	7,777E+8	4,422E-2
5,944E+1	5,083E-3	2,166E+0	7,699E+8	4,377E-2
5,976E+1	5,119E-3	2,151E+0	7,630E+8	4,338E-2
6,010E+1	5,158E-3	2,135E+0	7,560E+8	4,298E-2
6,042E+1	5,195E-3	2,120E+0	7,493E+8	4,260E-2
6,077E+1	5,236E-3	2,103E+0	7,422E+8	4,220E-2
6,109E+1	5,274E-3	2,088E+0	7,358E+8	4,184E-2
6,143E+1	5,312E-3	2,073E+0	7,290E+8	4,145E-2
6,175E+1	5,349E-3	2,058E+0	7,228E+8	4,109E-2
6,213E+1	5,394E-3	2,042E+0	7,153E+8	4,067E-2
6,245E+1	5,431E-3	2,027E+0	7,092E+8	4,032E-2
6,279E+1	5,470E-3	2,013E+0	7,029E+8	3,996E-2
6,311E+1	5,507E-3	2,000E+0	6,968E+8	3,962E-2
6,347E+1	5,548E-3	1,985E+0	6,904E+8	3,925E-2
6,378E+1	5,586E-3	1,971E+0	6,848E+8	3,894E-2
6,412E+1	5,625E-3	1,958E+0	6,787E+8	3,859E-2
6,444E+1	5,662E-3	1,945E+0	6,731E+8	3,827E-2
6,492E+1	5,720E-3	1,925E+0	6,649E+8	3,781E-2
6,524E+1	5,758E-3	1,912E+0	6,595E+8	3,750E-2
6,558E+1	5,797E-3	1,899E+0	6,539E+8	3,718E-2
6,590E+1	5,835E-3	1,887E+0	6,485E+8	3,687E-2
6,626E+1	5,877E-3	1,874E+0	6,429E+8	3,655E-2
6,658E+1	5,914E-3	1,862E+0	6,376E+8	3,625E-2
6,692E+1	5,954E-3	1,849E+0	6,322E+8	3,594E-2
6,724E+1	5,992E-3	1,838E+0	6,272E+8	3,566E-2
6,763E+1	6,039E-3	1,823E+0	6,211E+8	3,532E-2
6,795E+1	6,077E-3	1,812E+0	6,163E+8	3,504E-2
6,828E+1	6,116E-3	1,800E+0	6,112E+8	3,475E-2
6,861E+1	6,156E-3	1,789E+0	6,065E+8	3,448E-2
6,896E+1	6,198E-3	1,777E+0	6,013E+8	3,419E-2
6,928E+1	6,236E-3	1,766E+0	5,967E+8	3,392E-2
6,962E+1	6,276E-3	1,755E+0	5,917E+8	3,364E-2
6,994E+1	6,315E-3	1,744E+0	5,873E+8	3,339E-2
7,030E+1	6,359E-3	1,732E+0	5,823E+8	3,311E-2
7,062E+1	6,398E-3	1,721E+0	5,780E+8	3,286E-2
7,096E+1	6,437E-3	1,711E+0	5,733E+8	3,259E-2
7,128E+1	6,477E-3	1,700E+0	5,690E+8	3,235E-2
7,163E+1	6,519E-3	1,689E+0	5,643E+8	3,209E-2
7,195E+1	6,557E-3	1,679E+0	5,602E+8	3,185E-2
7,229E+1	6,599E-3	1,669E+0	5,558E+8	3,160E-2
7,261E+1	6,638E-3	1,659E+0	5,518E+8	3,137E-2
7,300E+1	6,686E-3	1,647E+0	5,469E+8	3,110E-2
7,332E+1	6,724E-3	1,638E+0	5,429E+8	3,087E-2
7,365E+1	6,765E-3	1,628E+0	5,388E+8	3,064E-2
7,397E+1	6,805E-3	1,618E+0	5,350E+8	3,042E-2
7,433E+1	6,849E-3	1,608E+0	5,307E+8	3,018E-2
7,465E+1	6,887E-3	1,599E+0	5,269E+8	2,996E-2
7,498E+1	6,929E-3	1,589E+0	5,230E+8	2,973E-2
7,530E+1	6,968E-3	1,580E+0	5,193E+8	2,953E-2
7,568E+1	7,015E-3	1,570E+0	5,150E+8	2,928E-2
7,600E+1	7,054E-3	1,561E+0	5,114E+8	2,908E-2
7,633E+1	7,096E-3	1,552E+0	5,077E+8	2,887E-2
7,666E+1	7,137E-3	1,543E+0	5,042E+8	2,867E-2
7,701E+1	7,181E-3	1,533E+0	5,004E+8	2,845E-2
7,733E+1	7,221E-3	1,525E+0	4,970E+8	2,826E-2
7,767E+1	7,264E-3	1,516E+0	4,935E+8	2,806E-2
7,799E+1	7,304E-3	1,508E+0	4,901E+8	2,786E-2
7,838E+1	7,354E-3	1,497E+0	4,861E+8	2,764E-2
7,870E+1	7,394E-3	1,489E+0	4,828E+8	2,745E-2
7,903E+1	7,437E-3	1,480E+0	4,795E+8	2,726E-2
7,935E+1	7,478E-3	1,473E+0	4,763E+8	2,708E-2
7,971E+1	7,523E-3	1,464E+0	4,729E+8	2,689E-2
8,002E+1	7,564E-3	1,456E+0	4,697E+8	2,671E-2
8,036E+1	7,607E-3	1,447E+0	4,665E+8	2,652E-2
8,068E+1	7,647E-3	1,440E+0	4,634E+8	2,635E-2
8,104E+1	7,692E-3	1,432E+0	4,600E+8	2,615E-2
8,136E+1	7,733E-3	1,424E+0	4,570E+8	2,598E-2
8,170E+1	7,776E-3	1,416E+0	4,539E+8	2,581E-2
8,202E+1	7,817E-3	1,409E+0	4,510E+8	2,564E-2
8,237E+1	7,862E-3	1,400E+0	4,478E+8	2,546E-2
8,269E+1	7,903E-3	1,393E+0	4,450E+8	2,530E-2
8,303E+1	7,947E-3	1,386E+0	4,420E+8	2,513E-2
8,334E+1	7,989E-3	1,378E+0	4,392E+8	2,497E-2
8,373E+1	8,039E-3	1,370E+0	4,359E+8	2,479E-2
8,405E+1	8,080E-3	1,363E+0	4,332E+8	2,463E-2
8,438E+1	8,123E-3	1,356E+0	4,303E+8	2,447E-2
8,470E+1	8,165E-3	1,349E+0	4,277E+8	2,432E-2
8,506E+1	8,212E-3	1,341E+0	4,248E+8	2,415E-2
8,537E+1	8,253E-3	1,334E+0	4,222E+8	2,400E-2
8,571E+1	8,296E-3	1,327E+0	4,194E+8	2,385E-2
8,603E+1	8,338E-3	1,321E+0	4,169E+8	2,370E-2
